{
  "cells": [
    {
      "cell_type": "markdown",
      "metadata": {
        "id": "zU92BX-5Pgsm"
      },
      "source": [
        "# 차원축소 Assignment1"
      ]
    },
    {
      "cell_type": "markdown",
      "metadata": {
        "id": "b15X2e8HPgsn"
      },
      "source": [
        "# ''' ? ''' 이 있는 부분을 채워주세요\n",
        "\n",
        "참고하셔야 하는 함수들은 링크 달아드렸으니 들어가서 확인해보세요\n",
        "\n",
        "무작정 빈칸 채우기가 아니라 꼭 차원축소 과정을 이해하시면서 과제를 진행하시면 좋겠습니다!!!\n",
        "\n",
        "또 질문은 언제나 환영이니 과제하다가 궁금하신것 있으시면 자유롭게 물어보세요!!"
      ]
    },
    {
      "cell_type": "markdown",
      "metadata": {
        "id": "VHM2ow0gPgsn"
      },
      "source": [
        "# 1) PCA의 과정 차근차근 밟아보기"
      ]
    },
    {
      "cell_type": "code",
      "execution_count": 1,
      "metadata": {
        "id": "tpoi2PmKPgsn"
      },
      "outputs": [],
      "source": [
        "#기본 모듈 불러오기\n",
        "import numpy as np\n",
        "import numpy.linalg as lin\n",
        "import matplotlib.pyplot as plt\n",
        "import pandas as pd\n",
        "import random"
      ]
    },
    {
      "cell_type": "code",
      "execution_count": 2,
      "metadata": {
        "id": "ZcFtAQxoPgsn"
      },
      "outputs": [],
      "source": [
        "#설명변수 x1, x2, x3\n",
        "x1 = [95, 91, 66, 94, 68, 63, 12, 73, 93, 51, 13, 70, 63, 63, 97, 56, 67, 96, 75, 6]\n",
        "x2 = [56, 27, 25, 1, 9, 80, 92, 69, 6, 25, 83, 82, 54, 97, 66, 93, 76, 59, 94, 9]\n",
        "x3 = [57, 34, 9, 79, 4, 77, 100, 42, 6, 96, 61, 66, 9, 25, 84, 46, 16, 63, 53, 30]"
      ]
    },
    {
      "cell_type": "code",
      "execution_count": 3,
      "metadata": {
        "id": "QB3ElSfuPgso"
      },
      "outputs": [],
      "source": [
        "#   설명변수들을 하나의 행렬로\n",
        "X = np.stack((x1,x2,x3),axis=0)"
      ]
    },
    {
      "cell_type": "code",
      "execution_count": 4,
      "metadata": {
        "id": "WRc6gLv2Pgso"
      },
      "outputs": [],
      "source": [
        "X = pd.DataFrame(X.T,columns=['x1','x2','x3'])"
      ]
    },
    {
      "cell_type": "code",
      "execution_count": 11,
      "metadata": {
        "colab": {
          "base_uri": "https://localhost:8080/",
          "height": 677
        },
        "id": "6YYdgIxXPgso",
        "outputId": "f225a2f0-277e-4cc8-f325-12fadb51e041"
      },
      "outputs": [
        {
          "output_type": "execute_result",
          "data": {
            "text/plain": [
              "    x1  x2   x3\n",
              "0   95  56   57\n",
              "1   91  27   34\n",
              "2   66  25    9\n",
              "3   94   1   79\n",
              "4   68   9    4\n",
              "5   63  80   77\n",
              "6   12  92  100\n",
              "7   73  69   42\n",
              "8   93   6    6\n",
              "9   51  25   96\n",
              "10  13  83   61\n",
              "11  70  82   66\n",
              "12  63  54    9\n",
              "13  63  97   25\n",
              "14  97  66   84\n",
              "15  56  93   46\n",
              "16  67  76   16\n",
              "17  96  59   63\n",
              "18  75  94   53\n",
              "19   6   9   30"
            ],
            "text/html": [
              "\n",
              "\n",
              "  <div id=\"df-27855f4c-b70f-46da-9178-21f7819b6840\">\n",
              "    <div class=\"colab-df-container\">\n",
              "      <div>\n",
              "<style scoped>\n",
              "    .dataframe tbody tr th:only-of-type {\n",
              "        vertical-align: middle;\n",
              "    }\n",
              "\n",
              "    .dataframe tbody tr th {\n",
              "        vertical-align: top;\n",
              "    }\n",
              "\n",
              "    .dataframe thead th {\n",
              "        text-align: right;\n",
              "    }\n",
              "</style>\n",
              "<table border=\"1\" class=\"dataframe\">\n",
              "  <thead>\n",
              "    <tr style=\"text-align: right;\">\n",
              "      <th></th>\n",
              "      <th>x1</th>\n",
              "      <th>x2</th>\n",
              "      <th>x3</th>\n",
              "    </tr>\n",
              "  </thead>\n",
              "  <tbody>\n",
              "    <tr>\n",
              "      <th>0</th>\n",
              "      <td>95</td>\n",
              "      <td>56</td>\n",
              "      <td>57</td>\n",
              "    </tr>\n",
              "    <tr>\n",
              "      <th>1</th>\n",
              "      <td>91</td>\n",
              "      <td>27</td>\n",
              "      <td>34</td>\n",
              "    </tr>\n",
              "    <tr>\n",
              "      <th>2</th>\n",
              "      <td>66</td>\n",
              "      <td>25</td>\n",
              "      <td>9</td>\n",
              "    </tr>\n",
              "    <tr>\n",
              "      <th>3</th>\n",
              "      <td>94</td>\n",
              "      <td>1</td>\n",
              "      <td>79</td>\n",
              "    </tr>\n",
              "    <tr>\n",
              "      <th>4</th>\n",
              "      <td>68</td>\n",
              "      <td>9</td>\n",
              "      <td>4</td>\n",
              "    </tr>\n",
              "    <tr>\n",
              "      <th>5</th>\n",
              "      <td>63</td>\n",
              "      <td>80</td>\n",
              "      <td>77</td>\n",
              "    </tr>\n",
              "    <tr>\n",
              "      <th>6</th>\n",
              "      <td>12</td>\n",
              "      <td>92</td>\n",
              "      <td>100</td>\n",
              "    </tr>\n",
              "    <tr>\n",
              "      <th>7</th>\n",
              "      <td>73</td>\n",
              "      <td>69</td>\n",
              "      <td>42</td>\n",
              "    </tr>\n",
              "    <tr>\n",
              "      <th>8</th>\n",
              "      <td>93</td>\n",
              "      <td>6</td>\n",
              "      <td>6</td>\n",
              "    </tr>\n",
              "    <tr>\n",
              "      <th>9</th>\n",
              "      <td>51</td>\n",
              "      <td>25</td>\n",
              "      <td>96</td>\n",
              "    </tr>\n",
              "    <tr>\n",
              "      <th>10</th>\n",
              "      <td>13</td>\n",
              "      <td>83</td>\n",
              "      <td>61</td>\n",
              "    </tr>\n",
              "    <tr>\n",
              "      <th>11</th>\n",
              "      <td>70</td>\n",
              "      <td>82</td>\n",
              "      <td>66</td>\n",
              "    </tr>\n",
              "    <tr>\n",
              "      <th>12</th>\n",
              "      <td>63</td>\n",
              "      <td>54</td>\n",
              "      <td>9</td>\n",
              "    </tr>\n",
              "    <tr>\n",
              "      <th>13</th>\n",
              "      <td>63</td>\n",
              "      <td>97</td>\n",
              "      <td>25</td>\n",
              "    </tr>\n",
              "    <tr>\n",
              "      <th>14</th>\n",
              "      <td>97</td>\n",
              "      <td>66</td>\n",
              "      <td>84</td>\n",
              "    </tr>\n",
              "    <tr>\n",
              "      <th>15</th>\n",
              "      <td>56</td>\n",
              "      <td>93</td>\n",
              "      <td>46</td>\n",
              "    </tr>\n",
              "    <tr>\n",
              "      <th>16</th>\n",
              "      <td>67</td>\n",
              "      <td>76</td>\n",
              "      <td>16</td>\n",
              "    </tr>\n",
              "    <tr>\n",
              "      <th>17</th>\n",
              "      <td>96</td>\n",
              "      <td>59</td>\n",
              "      <td>63</td>\n",
              "    </tr>\n",
              "    <tr>\n",
              "      <th>18</th>\n",
              "      <td>75</td>\n",
              "      <td>94</td>\n",
              "      <td>53</td>\n",
              "    </tr>\n",
              "    <tr>\n",
              "      <th>19</th>\n",
              "      <td>6</td>\n",
              "      <td>9</td>\n",
              "      <td>30</td>\n",
              "    </tr>\n",
              "  </tbody>\n",
              "</table>\n",
              "</div>\n",
              "      <button class=\"colab-df-convert\" onclick=\"convertToInteractive('df-27855f4c-b70f-46da-9178-21f7819b6840')\"\n",
              "              title=\"Convert this dataframe to an interactive table.\"\n",
              "              style=\"display:none;\">\n",
              "\n",
              "  <svg xmlns=\"http://www.w3.org/2000/svg\" height=\"24px\"viewBox=\"0 0 24 24\"\n",
              "       width=\"24px\">\n",
              "    <path d=\"M0 0h24v24H0V0z\" fill=\"none\"/>\n",
              "    <path d=\"M18.56 5.44l.94 2.06.94-2.06 2.06-.94-2.06-.94-.94-2.06-.94 2.06-2.06.94zm-11 1L8.5 8.5l.94-2.06 2.06-.94-2.06-.94L8.5 2.5l-.94 2.06-2.06.94zm10 10l.94 2.06.94-2.06 2.06-.94-2.06-.94-.94-2.06-.94 2.06-2.06.94z\"/><path d=\"M17.41 7.96l-1.37-1.37c-.4-.4-.92-.59-1.43-.59-.52 0-1.04.2-1.43.59L10.3 9.45l-7.72 7.72c-.78.78-.78 2.05 0 2.83L4 21.41c.39.39.9.59 1.41.59.51 0 1.02-.2 1.41-.59l7.78-7.78 2.81-2.81c.8-.78.8-2.07 0-2.86zM5.41 20L4 18.59l7.72-7.72 1.47 1.35L5.41 20z\"/>\n",
              "  </svg>\n",
              "      </button>\n",
              "\n",
              "\n",
              "\n",
              "    <div id=\"df-d66437bc-56f0-4843-9c6e-ea307be2810a\">\n",
              "      <button class=\"colab-df-quickchart\" onclick=\"quickchart('df-d66437bc-56f0-4843-9c6e-ea307be2810a')\"\n",
              "              title=\"Suggest charts.\"\n",
              "              style=\"display:none;\">\n",
              "\n",
              "<svg xmlns=\"http://www.w3.org/2000/svg\" height=\"24px\"viewBox=\"0 0 24 24\"\n",
              "     width=\"24px\">\n",
              "    <g>\n",
              "        <path d=\"M19 3H5c-1.1 0-2 .9-2 2v14c0 1.1.9 2 2 2h14c1.1 0 2-.9 2-2V5c0-1.1-.9-2-2-2zM9 17H7v-7h2v7zm4 0h-2V7h2v10zm4 0h-2v-4h2v4z\"/>\n",
              "    </g>\n",
              "</svg>\n",
              "      </button>\n",
              "    </div>\n",
              "\n",
              "<style>\n",
              "  .colab-df-quickchart {\n",
              "    background-color: #E8F0FE;\n",
              "    border: none;\n",
              "    border-radius: 50%;\n",
              "    cursor: pointer;\n",
              "    display: none;\n",
              "    fill: #1967D2;\n",
              "    height: 32px;\n",
              "    padding: 0 0 0 0;\n",
              "    width: 32px;\n",
              "  }\n",
              "\n",
              "  .colab-df-quickchart:hover {\n",
              "    background-color: #E2EBFA;\n",
              "    box-shadow: 0px 1px 2px rgba(60, 64, 67, 0.3), 0px 1px 3px 1px rgba(60, 64, 67, 0.15);\n",
              "    fill: #174EA6;\n",
              "  }\n",
              "\n",
              "  [theme=dark] .colab-df-quickchart {\n",
              "    background-color: #3B4455;\n",
              "    fill: #D2E3FC;\n",
              "  }\n",
              "\n",
              "  [theme=dark] .colab-df-quickchart:hover {\n",
              "    background-color: #434B5C;\n",
              "    box-shadow: 0px 1px 3px 1px rgba(0, 0, 0, 0.15);\n",
              "    filter: drop-shadow(0px 1px 2px rgba(0, 0, 0, 0.3));\n",
              "    fill: #FFFFFF;\n",
              "  }\n",
              "</style>\n",
              "\n",
              "    <script>\n",
              "      async function quickchart(key) {\n",
              "        const containerElement = document.querySelector('#' + key);\n",
              "        const charts = await google.colab.kernel.invokeFunction(\n",
              "            'suggestCharts', [key], {});\n",
              "      }\n",
              "    </script>\n",
              "\n",
              "      <script>\n",
              "\n",
              "function displayQuickchartButton(domScope) {\n",
              "  let quickchartButtonEl =\n",
              "    domScope.querySelector('#df-d66437bc-56f0-4843-9c6e-ea307be2810a button.colab-df-quickchart');\n",
              "  quickchartButtonEl.style.display =\n",
              "    google.colab.kernel.accessAllowed ? 'block' : 'none';\n",
              "}\n",
              "\n",
              "        displayQuickchartButton(document);\n",
              "      </script>\n",
              "      <style>\n",
              "    .colab-df-container {\n",
              "      display:flex;\n",
              "      flex-wrap:wrap;\n",
              "      gap: 12px;\n",
              "    }\n",
              "\n",
              "    .colab-df-convert {\n",
              "      background-color: #E8F0FE;\n",
              "      border: none;\n",
              "      border-radius: 50%;\n",
              "      cursor: pointer;\n",
              "      display: none;\n",
              "      fill: #1967D2;\n",
              "      height: 32px;\n",
              "      padding: 0 0 0 0;\n",
              "      width: 32px;\n",
              "    }\n",
              "\n",
              "    .colab-df-convert:hover {\n",
              "      background-color: #E2EBFA;\n",
              "      box-shadow: 0px 1px 2px rgba(60, 64, 67, 0.3), 0px 1px 3px 1px rgba(60, 64, 67, 0.15);\n",
              "      fill: #174EA6;\n",
              "    }\n",
              "\n",
              "    [theme=dark] .colab-df-convert {\n",
              "      background-color: #3B4455;\n",
              "      fill: #D2E3FC;\n",
              "    }\n",
              "\n",
              "    [theme=dark] .colab-df-convert:hover {\n",
              "      background-color: #434B5C;\n",
              "      box-shadow: 0px 1px 3px 1px rgba(0, 0, 0, 0.15);\n",
              "      filter: drop-shadow(0px 1px 2px rgba(0, 0, 0, 0.3));\n",
              "      fill: #FFFFFF;\n",
              "    }\n",
              "  </style>\n",
              "\n",
              "      <script>\n",
              "        const buttonEl =\n",
              "          document.querySelector('#df-27855f4c-b70f-46da-9178-21f7819b6840 button.colab-df-convert');\n",
              "        buttonEl.style.display =\n",
              "          google.colab.kernel.accessAllowed ? 'block' : 'none';\n",
              "\n",
              "        async function convertToInteractive(key) {\n",
              "          const element = document.querySelector('#df-27855f4c-b70f-46da-9178-21f7819b6840');\n",
              "          const dataTable =\n",
              "            await google.colab.kernel.invokeFunction('convertToInteractive',\n",
              "                                                     [key], {});\n",
              "          if (!dataTable) return;\n",
              "\n",
              "          const docLinkHtml = 'Like what you see? Visit the ' +\n",
              "            '<a target=\"_blank\" href=https://colab.research.google.com/notebooks/data_table.ipynb>data table notebook</a>'\n",
              "            + ' to learn more about interactive tables.';\n",
              "          element.innerHTML = '';\n",
              "          dataTable['output_type'] = 'display_data';\n",
              "          await google.colab.output.renderOutput(dataTable, element);\n",
              "          const docLink = document.createElement('div');\n",
              "          docLink.innerHTML = docLinkHtml;\n",
              "          element.appendChild(docLink);\n",
              "        }\n",
              "      </script>\n",
              "    </div>\n",
              "  </div>\n"
            ]
          },
          "metadata": {},
          "execution_count": 11
        }
      ],
      "source": [
        "X"
      ]
    },
    {
      "cell_type": "markdown",
      "metadata": {
        "id": "NTRZsZjkPgso"
      },
      "source": [
        "### 1-1) 먼저 PCA를 시작하기 전 데이터 scaling!!!! 매우 중요합니다!\n",
        "\n",
        "https://datascienceschool.net/03%20machine%20learning/02.01%20%EB%8D%B0%EC%9D%B4%ED%84%B0%20%EC%A0%84%EC%B2%98%EB%A6%AC%20%EA%B8%B0%EC%B4%88.html?highlight=%EC%A0%84%EC%B2%98%EB%A6%AC  를 참고하시면 도움이 될거에요"
      ]
    },
    {
      "cell_type": "code",
      "execution_count": 15,
      "metadata": {
        "id": "urxrwxdJvBre"
      },
      "outputs": [],
      "source": [
        "#scaling\n",
        "from sklearn.preprocessing import StandardScaler\n",
        "\n",
        "scaler = StandardScaler()\n",
        "\n",
        "X_std=scaler.fit_transform(X)"
      ]
    },
    {
      "cell_type": "code",
      "execution_count": 16,
      "metadata": {
        "id": "TjuIDQNMPgsp"
      },
      "outputs": [],
      "source": [
        "features = X_std.T"
      ]
    },
    {
      "cell_type": "code",
      "execution_count": 17,
      "metadata": {
        "colab": {
          "base_uri": "https://localhost:8080/"
        },
        "id": "9Z5Hpvl3vnfp",
        "outputId": "6798b315-c0f8-4b46-e12b-cc122e0ac237"
      },
      "outputs": [
        {
          "output_type": "execute_result",
          "data": {
            "text/plain": [
              "array([[ 1.08573604,  0.93801686,  0.01477192,  1.04880625,  0.08863151,\n",
              "        -0.09601747, -1.97943714,  0.2732805 ,  1.01187645, -0.53917504,\n",
              "        -1.94250735,  0.16249111, -0.09601747, -0.09601747,  1.15959564,\n",
              "        -0.35452606,  0.05170172,  1.12266584,  0.3471401 , -2.20101593],\n",
              "       [ 0.02614175, -0.86575334, -0.92726334, -1.66538341, -1.41934339,\n",
              "         0.76426183,  1.13332186,  0.42595679, -1.5116084 , -0.92726334,\n",
              "         0.85652683,  0.82577183, -0.03536825,  1.28709688,  0.33369178,\n",
              "         1.16407687,  0.64124181,  0.11840676,  1.19483187, -1.41934339],\n",
              "       [ 0.30684189, -0.46445467, -1.30282049,  1.04460382, -1.47049366,\n",
              "         0.97753455,  1.74883111, -0.1961776 , -1.40342439,  1.61469258,\n",
              "         0.44098042,  0.60865359, -1.30282049, -0.76626636,  1.21227698,\n",
              "        -0.06203907, -1.06807806,  0.50804969,  0.17270336, -0.5985932 ]])"
            ]
          },
          "metadata": {},
          "execution_count": 17
        }
      ],
      "source": [
        "features"
      ]
    },
    {
      "cell_type": "markdown",
      "metadata": {
        "id": "3HHTB65iPgsp"
      },
      "source": [
        "### 1-2) 다음으로 공분산 행렬을 구합니다\n",
        "\n",
        "https://docs.scipy.org/doc/numpy/reference/generated/numpy.cov.html 를 참고하시면 도움이 될거에요"
      ]
    },
    {
      "cell_type": "code",
      "execution_count": 25,
      "metadata": {
        "id": "lZ2KT6M3Pgsq",
        "scrolled": true,
        "colab": {
          "base_uri": "https://localhost:8080/"
        },
        "outputId": "75e6cfd2-bc85-4d16-94d0-1053eaa035e2"
      },
      "outputs": [
        {
          "output_type": "execute_result",
          "data": {
            "text/plain": [
              "array([[ 0.30136812,  0.51938101,  0.31983688,  0.60665115,  0.46631287,\n",
              "        -0.28131079, -1.00490241,  0.00487501,  0.76425019, -0.09214856,\n",
              "        -0.82316154, -0.18521116,  0.0866557 , -0.25331108,  0.18011814,\n",
              "        -0.36351505, -0.03871495,  0.27536682, -0.17487554, -0.30766479],\n",
              "       [ 0.51938101,  0.89692565,  0.56606506,  0.99819708,  0.81435705,\n",
              "        -0.49529771, -1.76608149,  0.0222245 ,  1.33043192, -0.21677206,\n",
              "        -1.42639106, -0.31821091,  0.17908045, -0.39647123,  0.29473862,\n",
              "        -0.60690901, -0.0298139 ,  0.47163291, -0.28242957, -0.55465732],\n",
              "       [ 0.31983688,  0.56606506,  0.46075389,  0.25744073,  0.58234448,\n",
              "        -0.38416892, -1.34597093,  0.1180625 ,  0.91982741, -0.57116275,\n",
              "        -0.93686548, -0.18852564,  0.33482359,  0.0585546 ,  0.06310984,\n",
              "        -0.22591325,  0.26033218,  0.26825464, -0.03080856, -0.52599029],\n",
              "       [ 0.60665115,  0.99819708,  0.25744073,  2.45181233,  0.66014424,\n",
              "        -0.29358439, -1.13271065, -0.34973264,  1.19209065,  1.32216031,\n",
              "        -1.45554192, -0.39842205, -0.59905356, -1.55263436,  0.77039883,\n",
              "        -1.24096067, -1.03794215,  0.63070998, -0.84500307,  0.01598016],\n",
              "       [ 0.46631287,  0.81435705,  0.58234448,  0.66014424,  0.78457933,\n",
              "        -0.49699842, -1.75638047,  0.08892238,  1.26092909, -0.48382392,\n",
              "        -1.31929563, -0.28078803,  0.309155  , -0.15594496,  0.18639427,\n",
              "        -0.44722046,  0.15738289,  0.40878844, -0.15900784, -0.61985029],\n",
              "       [-0.28131079, -0.49529771, -0.38416892, -0.29358439, -0.49699842,\n",
              "         0.32301328,  1.13526723, -0.08422129, -0.79013003,  0.42009241,\n",
              "         0.81302076,  0.16721332, -0.25228392,  0.00539854, -0.07776226,\n",
              "         0.22648759, -0.17658734, -0.24011092,  0.05399877,  0.42796408],\n",
              "       [-1.00490241, -1.76608149, -1.34597093, -1.13271065, -1.75638047,\n",
              "         1.13526723,  3.99468407, -0.27632512, -2.79888356,  1.39779472,\n",
              "         2.890538  ,  0.59906803, -0.84843792,  0.09042832, -0.3056087 ,\n",
              "         0.84380486, -0.56530756, -0.86294026,  0.22653062,  1.48543323],\n",
              "       [ 0.00487501,  0.0222245 ,  0.1180625 , -0.34973264,  0.08892238,\n",
              "        -0.08422129, -0.27632512,  0.10512536,  0.11355021, -0.44197345,\n",
              "        -0.0721793 ,  0.00448156,  0.22738813,  0.30054841, -0.11623762,\n",
              "         0.1428922 ,  0.2798542 , -0.01786671,  0.14120241, -0.19059073],\n",
              "       [ 0.76425019,  1.33043192,  0.91982741,  1.19209065,  1.26092909,\n",
              "        -0.79013003, -2.79888356,  0.11355021,  2.03555962, -0.65798406,\n",
              "        -2.14418597, -0.4624807 ,  0.43743781, -0.34892608,  0.34199391,\n",
              "        -0.77854361,  0.17199808,  0.67681144, -0.30473302, -0.95901329],\n",
              "       [-0.09214856, -0.21677206, -0.57116275,  1.32216031, -0.48382392,\n",
              "         0.42009241,  1.39779472, -0.44197345, -0.65798406,  1.87521636,\n",
              "         0.49852401,  0.0252764 , -0.97410649, -1.19999279,  0.44455285,\n",
              "        -0.51268441, -1.1642778 ,  0.00939909, -0.55048308,  0.87239321],\n",
              "       [-0.82316154, -1.42639106, -0.93686548, -1.45554192, -1.31929563,\n",
              "         0.81302076,  2.890538  , -0.0721793 , -2.14418597,  0.49852401,\n",
              "         2.28138085,  0.50169849, -0.36332596,  0.52118701, -0.42521012,\n",
              "         0.90954478, -0.0514228 , -0.73963338,  0.39694871,  0.94437055],\n",
              "       [-0.18521116, -0.31821091, -0.18852564, -0.39842205, -0.28078803,\n",
              "         0.16721332,  0.59906803,  0.00448156, -0.4624807 ,  0.0252764 ,\n",
              "         0.50169849,  0.1143571 , -0.03716929,  0.17736263, -0.11917642,\n",
              "         0.23399482,  0.04375856, -0.17082049,  0.11772554,  0.17586823],\n",
              "       [ 0.0866557 ,  0.17908045,  0.33482359, -0.59905356,  0.309155  ,\n",
              "        -0.25228392, -0.84843792,  0.22738813,  0.43743781, -0.97410649,\n",
              "        -0.36332596, -0.03716929,  0.51108117,  0.58254717, -0.20453853,\n",
              "         0.21552855,  0.59226501,  0.03115988,  0.25957028, -0.48777707],\n",
              "       [-0.25331108, -0.39647123,  0.0585546 , -1.55263436, -0.15594496,\n",
              "         0.00539854,  0.09042832,  0.30054841, -0.34892608, -1.19999279,\n",
              "         0.52118701,  0.17736263,  0.58254717,  1.09642325, -0.49694727,\n",
              "         0.73700397,  0.84596452, -0.29618964,  0.5646953 , -0.2796963 ],\n",
              "       [ 0.18011814,  0.29473862,  0.06310984,  0.77039883,  0.18639427,\n",
              "        -0.07776226, -0.3056087 , -0.11623762,  0.34199391,  0.44455285,\n",
              "        -0.42521012, -0.11917642, -0.20453853, -0.49694727,  0.24280074,\n",
              "        -0.38600979, -0.34127968,  0.18989619, -0.26788807,  0.02665506],\n",
              "       [-0.36351505, -0.60690901, -0.22591325, -1.24096067, -0.44722046,\n",
              "         0.22648759,  0.84380486,  0.1428922 , -0.77854361, -0.51268441,\n",
              "         0.90954478,  0.23399482,  0.21552855,  0.73700397, -0.38600979,\n",
              "         0.64917729,  0.44393011, -0.36376423,  0.41492246,  0.10823385],\n",
              "       [-0.03871495, -0.0298139 ,  0.26033218, -1.03794215,  0.15738289,\n",
              "        -0.17658734, -0.56530756,  0.2798542 ,  0.17199808, -1.1642778 ,\n",
              "        -0.0514228 ,  0.04375856,  0.59226501,  0.84596452, -0.34127968,\n",
              "         0.44393011,  0.75387312, -0.09497344,  0.40703727, -0.45607631],\n",
              "       [ 0.27536682,  0.47163291,  0.26825464,  0.63070998,  0.40878844,\n",
              "        -0.24011092, -0.86294026, -0.01786671,  0.67681144,  0.00939909,\n",
              "        -0.73963338, -0.17082049,  0.03115988, -0.29618964,  0.18989619,\n",
              "        -0.36376423, -0.09497344,  0.25635182, -0.19039261, -0.24167952],\n",
              "       [-0.17487554, -0.28242957, -0.03080856, -0.84500307, -0.15900784,\n",
              "         0.05399877,  0.22653062,  0.14120241, -0.30473302, -0.55048308,\n",
              "         0.39694871,  0.11772554,  0.25957028,  0.5646953 , -0.26788807,\n",
              "         0.41492246,  0.40703727, -0.19039261,  0.29895937, -0.07596936],\n",
              "       [-0.30766479, -0.55465732, -0.52599029,  0.01598016, -0.61985029,\n",
              "         0.42796408,  1.48543323, -0.19059073, -0.95901329,  0.87239321,\n",
              "         0.94437055,  0.17586823, -0.48777707, -0.2796963 ,  0.02665506,\n",
              "         0.10823385, -0.45607631, -0.24167952, -0.07596936,  0.64206691]])"
            ]
          },
          "metadata": {},
          "execution_count": 25
        }
      ],
      "source": [
        "X_cov=np.cov(X_std,y=None, rowvar=True, bias=False, ddof=None, fweights=None, aweights=None,  dtype=None)\n",
        "X_cov"
      ]
    },
    {
      "cell_type": "markdown",
      "metadata": {
        "id": "LDPacia_Pgsq"
      },
      "source": [
        "### 1-3) 이제 고유값과 고유벡터를 구합니다\n",
        "\n",
        "실습코드를 참고해주세요"
      ]
    },
    {
      "cell_type": "code",
      "source": [
        "eigenvalues, eigenvectors = np.linalg.eig(X_cov)\n",
        "\n",
        "print(eigenvalues)\n",
        "print(eigenvectors)"
      ],
      "metadata": {
        "colab": {
          "base_uri": "https://localhost:8080/"
        },
        "id": "VhE22TKgeAHs",
        "outputId": "bd4c32eb-4fb4-4dc2-db81-5b4149e0d645"
      },
      "execution_count": 27,
      "outputs": [
        {
          "output_type": "stream",
          "name": "stdout",
          "text": [
            "[ 0.00000000e+00+0.00000000e+00j  1.30792155e+01+0.00000000e+00j\n",
            "  6.99629415e+00+0.00000000e+00j -5.32007542e-16+0.00000000e+00j\n",
            "  3.47308529e-16+7.30281448e-17j  3.47308529e-16-7.30281448e-17j\n",
            " -3.11963288e-16+0.00000000e+00j -1.89737685e-16+1.52414328e-16j\n",
            " -1.89737685e-16-1.52414328e-16j -1.54108330e-16+0.00000000e+00j\n",
            "  1.52323936e-16+0.00000000e+00j  3.08818772e-17+1.06182987e-16j\n",
            "  3.08818772e-17-1.06182987e-16j  8.79238413e-17+5.63060550e-17j\n",
            "  8.79238413e-17-5.63060550e-17j -8.07606678e-17+0.00000000e+00j\n",
            " -2.92894134e-17+0.00000000e+00j  8.70070214e-19+1.39468317e-17j\n",
            "  8.70070214e-19-1.39468317e-17j -2.62992941e-18+0.00000000e+00j]\n",
            "[[-9.88074549e-01+0.00000000e+00j  1.49247077e-01+0.00000000e+00j\n",
            "  -3.78681305e-02+0.00000000e+00j  1.43963797e-01+0.00000000e+00j\n",
            "  -7.92144419e-02-9.56579062e-03j -7.92144419e-02+9.56579062e-03j\n",
            "   6.75745236e-02+0.00000000e+00j -1.33033618e-01+1.29131116e-01j\n",
            "  -1.33033618e-01-1.29131116e-01j -3.85777775e-01+0.00000000e+00j\n",
            "   3.60839448e-03+0.00000000e+00j  9.26519796e-02+1.26223363e-01j\n",
            "   9.26519796e-02-1.26223363e-01j -6.83185886e-04+1.42516098e-01j\n",
            "  -6.83185886e-04-1.42516098e-01j  6.07287013e-01+0.00000000e+00j\n",
            "   4.66688549e-01+0.00000000e+00j  9.20819079e-01+0.00000000e+00j\n",
            "   9.20819079e-01-0.00000000e+00j  9.82834683e-01+0.00000000e+00j]\n",
            " [ 4.10703752e-02+0.00000000e+00j  2.59365660e-01+0.00000000e+00j\n",
            "  -4.94089855e-02+0.00000000e+00j  3.14224831e-01+0.00000000e+00j\n",
            "   1.83375273e-01-7.58293406e-02j  1.83375273e-01+7.58293406e-02j\n",
            "   6.33616966e-02+0.00000000e+00j  5.46694657e-02+1.14516071e-01j\n",
            "   5.46694657e-02-1.14516071e-01j -2.87358979e-04+0.00000000e+00j\n",
            "   3.25035333e-02+0.00000000e+00j  1.12930107e-01-5.91214512e-02j\n",
            "   1.12930107e-01+5.91214512e-02j -3.85202883e-02-7.50338077e-02j\n",
            "  -3.85202883e-02+7.50338077e-02j  1.12358356e-02+0.00000000e+00j\n",
            "   2.03174564e-02+0.00000000e+00j -3.85507032e-02+1.15770522e-03j\n",
            "  -3.85507032e-02-1.15770522e-03j -3.90326276e-02+0.00000000e+00j]\n",
            " [ 2.31575624e-02+0.00000000e+00j  1.75965676e-01+0.00000000e+00j\n",
            "   8.92825888e-02+0.00000000e+00j  1.82882142e-02+0.00000000e+00j\n",
            "   1.32683535e-01-1.36344927e-01j  1.32683535e-01+1.36344927e-01j\n",
            "   8.18390174e-02+0.00000000e+00j -1.30311433e-01-1.69672338e-01j\n",
            "  -1.30311433e-01+1.69672338e-01j  2.62575447e-02+0.00000000e+00j\n",
            "  -2.45708754e-01+0.00000000e+00j -1.19989546e-01-2.27835216e-01j\n",
            "  -1.19989546e-01+2.27835216e-01j  7.28534822e-02+4.48008479e-02j\n",
            "   7.28534822e-02-4.48008479e-02j -3.20391207e-02+0.00000000e+00j\n",
            "  -8.52376679e-02+0.00000000e+00j -1.03167736e-02-3.24119148e-02j\n",
            "  -1.03167736e-02+3.24119148e-02j -2.67118774e-02+0.00000000e+00j]\n",
            " [ 5.56514564e-02+0.00000000e+00j  2.44465941e-01+0.00000000e+00j\n",
            "  -4.88589228e-01+0.00000000e+00j -3.93829205e-01+0.00000000e+00j\n",
            "  -6.30784953e-03-1.37181328e-01j -6.30784953e-03+1.37181328e-01j\n",
            "  -5.73901916e-01+0.00000000e+00j  2.95498500e-01+1.95669745e-01j\n",
            "   2.95498500e-01-1.95669745e-01j  1.51681106e-01+0.00000000e+00j\n",
            "  -1.28276939e-01+0.00000000e+00j  4.20780610e-02+5.44285935e-02j\n",
            "   4.20780610e-02-5.44285935e-02j -1.77213904e-01-2.90290072e-01j\n",
            "  -1.77213904e-01+2.90290072e-01j -3.06406813e-02+0.00000000e+00j\n",
            "   1.28438482e-01+0.00000000e+00j -6.67043053e-02+1.62890680e-02j\n",
            "  -6.67043053e-02-1.62890680e-02j -5.36834644e-02+0.00000000e+00j]\n",
            " [ 3.54640739e-02+0.00000000e+00j  2.43600459e-01+0.00000000e+00j\n",
            "   3.47391730e-02+0.00000000e+00j  2.99809439e-01+0.00000000e+00j\n",
            "  -7.02306484e-02-2.24737346e-01j -7.02306484e-02+2.24737346e-01j\n",
            "   1.82372962e-01+0.00000000e+00j -1.91760092e-01-5.54116966e-02j\n",
            "  -1.91760092e-01+5.54116966e-02j  1.19999738e-01+0.00000000e+00j\n",
            "  -1.58301326e-03+0.00000000e+00j -4.46387043e-02+1.98526666e-01j\n",
            "  -4.46387043e-02-1.98526666e-01j  4.19535317e-02+1.28444995e-01j\n",
            "   4.19535317e-02-1.28444995e-01j  7.29788954e-03+0.00000000e+00j\n",
            "  -8.36332036e-02+0.00000000e+00j -2.78691104e-03-2.01569311e-02j\n",
            "  -2.78691104e-03+2.01569311e-02j -1.86156249e-02+0.00000000e+00j]\n",
            " [-2.07691926e-02+0.00000000e+00j -1.51715612e-01+0.00000000e+00j\n",
            "  -5.60260277e-02+0.00000000e+00j  1.41552757e-02+0.00000000e+00j\n",
            "   4.34643341e-02-1.86638472e-03j  4.34643341e-02+1.86638472e-03j\n",
            "   2.98131241e-02+0.00000000e+00j -4.54036043e-02+4.27671599e-02j\n",
            "  -4.54036043e-02-4.27671599e-02j  1.24152009e-01+0.00000000e+00j\n",
            "   3.24768461e-02+0.00000000e+00j -9.85369245e-02-1.27503131e-01j\n",
            "  -9.85369245e-02+1.27503131e-01j  3.13796683e-01-9.89937854e-02j\n",
            "   3.13796683e-01+9.89937854e-02j -4.26931565e-01+0.00000000e+00j\n",
            "  -1.51285790e-01+0.00000000e+00j  5.92226015e-02-6.84581274e-02j\n",
            "   5.92226015e-02+6.84581274e-02j  3.55657030e-02+0.00000000e+00j]\n",
            " [-7.46934927e-02+0.00000000e+00j -5.38142111e-01+0.00000000e+00j\n",
            "  -1.72002094e-01+0.00000000e+00j  3.69493181e-01+0.00000000e+00j\n",
            "   5.12919503e-01+0.00000000e+00j  5.12919503e-01-0.00000000e+00j\n",
            "   1.01667980e-01+0.00000000e+00j -1.09144536e-01+1.54667342e-01j\n",
            "  -1.09144536e-01-1.54667342e-01j -5.01110646e-02+0.00000000e+00j\n",
            "   5.53739450e-02+0.00000000e+00j  9.95086694e-02+7.20890086e-02j\n",
            "   9.95086694e-02-7.20890086e-02j -7.02714104e-02-8.04215932e-02j\n",
            "  -7.02714104e-02+8.04215932e-02j  1.58348998e-01+0.00000000e+00j\n",
            "   8.75270607e-02+0.00000000e+00j  5.84832495e-02-2.69650914e-03j\n",
            "   5.84832495e-02+2.69650914e-03j  7.71452564e-02+0.00000000e+00j]\n",
            " [-1.75928573e-03+0.00000000e+00j  1.87658177e-02+0.00000000e+00j\n",
            "   1.19864615e-01+0.00000000e+00j  2.02556789e-02+0.00000000e+00j\n",
            "  -2.43698547e-03-7.25126631e-03j -2.43698547e-03+7.25126631e-03j\n",
            "   4.95528279e-02+0.00000000e+00j  6.70029605e-03-4.74918637e-02j\n",
            "   6.70029605e-03+4.74918637e-02j -5.07841868e-02+0.00000000e+00j\n",
            "  -7.88248541e-02+0.00000000e+00j  7.22238292e-02+1.09562534e-01j\n",
            "   7.22238292e-02-1.09562534e-01j -1.04344644e-01-9.51899709e-02j\n",
            "  -1.04344644e-01+9.51899709e-02j -9.80422046e-02+0.00000000e+00j\n",
            "  -2.61036860e-01+0.00000000e+00j  1.47330931e-01+1.80689976e-01j\n",
            "   1.47330931e-01-1.80689976e-01j -6.27038507e-02+0.00000000e+00j]\n",
            " [ 5.87808138e-02+0.00000000e+00j  3.94231861e-01+0.00000000e+00j\n",
            "   2.00201781e-02+0.00000000e+00j -2.12979517e-01+0.00000000e+00j\n",
            "   3.62070428e-01-2.02303256e-05j  3.62070428e-01+2.02303256e-05j\n",
            "  -1.21823245e-01+0.00000000e+00j  1.41724161e-01+1.55729309e-01j\n",
            "   1.41724161e-01-1.55729309e-01j -2.22283265e-01+0.00000000e+00j\n",
            "   1.19631016e-01+0.00000000e+00j  1.37466002e-01+6.00312042e-02j\n",
            "   1.37466002e-01-6.00312042e-02j  2.53226792e-01-1.79047446e-02j\n",
            "   2.53226792e-01+1.79047446e-02j  1.26997929e-01+0.00000000e+00j\n",
            "   6.45226274e-02+0.00000000e+00j -7.85861306e-02-1.50546159e-02j\n",
            "  -7.85861306e-02+1.50546159e-02j -4.98411566e-02+0.00000000e+00j]\n",
            " [ 1.66781080e-03+0.00000000e+00j -1.14200545e-01+0.00000000e+00j\n",
            "  -4.93608179e-01+0.00000000e+00j -6.63567047e-02+0.00000000e+00j\n",
            "  -2.20336373e-02+1.80181068e-02j -2.20336373e-02-1.80181068e-02j\n",
            "  -2.30753302e-01+0.00000000e+00j  2.61239641e-01+6.22805105e-02j\n",
            "   2.61239641e-01-6.22805105e-02j -2.05180874e-01+0.00000000e+00j\n",
            "   2.38732875e-02+0.00000000e+00j -1.37676789e-01+1.23316619e-01j\n",
            "  -1.37676789e-01-1.23316619e-01j  1.42600368e-01+6.82214422e-02j\n",
            "   1.42600368e-01-6.82214422e-02j  2.17765428e-01+0.00000000e+00j\n",
            "  -1.54787772e-01+0.00000000e+00j -1.24792712e-02+2.54043420e-03j\n",
            "  -1.24792712e-02-2.54043420e-03j -2.57646594e-03+0.00000000e+00j]\n",
            " [-6.43365310e-02+0.00000000e+00j -4.16818495e-01+0.00000000e+00j\n",
            "   3.59232654e-02+0.00000000e+00j -4.09591112e-01+0.00000000e+00j\n",
            "  -7.00496247e-02-3.45834585e-01j -7.00496247e-02+3.45834585e-01j\n",
            "  -5.31106142e-02+0.00000000e+00j  1.71355469e-01-8.06051166e-02j\n",
            "   1.71355469e-01+8.06051166e-02j  1.38482842e-01+0.00000000e+00j\n",
            "   5.07531755e-04+0.00000000e+00j -4.29956679e-02-1.11041957e-03j\n",
            "  -4.29956679e-02+1.11041957e-03j  8.94151485e-02-3.47504460e-02j\n",
            "   8.94151485e-02+3.47504460e-02j  8.81180721e-02+0.00000000e+00j\n",
            "   9.40527036e-02+0.00000000e+00j  3.98272044e-02+2.67876759e-02j\n",
            "   3.98272044e-02-2.67876759e-02j  6.69764780e-02+0.00000000e+00j]\n",
            " [-1.48993155e-02+0.00000000e+00j -9.05584913e-02+0.00000000e+00j\n",
            "   3.18485303e-02+0.00000000e+00j  2.65301803e-01+0.00000000e+00j\n",
            "  -2.74654800e-01+1.27392395e-01j -2.74654800e-01-1.27392395e-01j\n",
            "   7.37661076e-02+0.00000000e+00j -1.45035874e-01+1.37027734e-01j\n",
            "  -1.45035874e-01-1.37027734e-01j -1.79910764e-02+0.00000000e+00j\n",
            "  -1.10176856e-01+0.00000000e+00j -2.79838118e-02+3.14621136e-01j\n",
            "  -2.79838118e-02-3.14621136e-01j  4.25382166e-01+0.00000000e+00j\n",
            "   4.25382166e-01-0.00000000e+00j  1.24396166e-01+0.00000000e+00j\n",
            "   4.71388404e-01+0.00000000e+00j -7.93748248e-02+1.18808826e-02j\n",
            "  -7.93748248e-02-1.18808826e-02j -2.86326792e-02+0.00000000e+00j]\n",
            " [ 2.27973252e-03+0.00000000e+00j  7.80917442e-02+0.00000000e+00j\n",
            "   2.48293717e-01+0.00000000e+00j  4.17154687e-04+0.00000000e+00j\n",
            "   4.06383728e-02-9.33035846e-02j  4.06383728e-02+9.33035846e-02j\n",
            "   6.65744038e-02+0.00000000e+00j  3.10888942e-02+1.40694037e-01j\n",
            "   3.10888942e-02-1.40694037e-01j -2.84865759e-01+0.00000000e+00j\n",
            "  -3.03871004e-01+0.00000000e+00j -3.36816739e-01+2.22143305e-01j\n",
            "  -3.36816739e-01-2.22143305e-01j -3.27716909e-02-2.04233423e-01j\n",
            "  -3.27716909e-02+2.04233423e-01j  2.43118783e-01+0.00000000e+00j\n",
            "  -9.21968397e-02+0.00000000e+00j -5.31997110e-02-8.61441793e-02j\n",
            "  -5.31997110e-02+8.61441793e-02j  4.29984945e-04+0.00000000e+00j]\n",
            " [-2.63963296e-02+0.00000000e+00j -7.80264380e-02+0.00000000e+00j\n",
